== Run the job with four processes ==
mpicc -fopenmp main.cpp -o main -std=c++11
Hello, world from PE 1
Hello, world from PE 2
Hello, world from PE 3
Hello, world from PE 0
xval_array[0] = 0.000000
xval_array[1] = 1.000000
xval_array[2] = 2.000000
xval_array[3] = 3.000000
xval_array[4] = 4.000000
xval_array[5] = 5.000000
xval_array[6] = 6.000000
xval_array[7] = 7.000000
xval_array[8] = 8.000000
xval_array[9] = 9.000000
xval_array[10] = 10.000000
xval_array[11] = 11.000000
xval_array[12] = 12.000000
xval_array[13] = 13.000000
xval_array[14] = 14.000000
xval_array[15] = 15.000000
xval_array[16] = 16.000000
xval_array[17] = 17.000000
xval_array[18] = 18.000000
xval_array[19] = 19.000000
xval_array[20] = 20.000000
xval_array[21] = 21.000000
xval_array[22] = 22.000000
xval_array[23] = 23.000000
xval_array[24] = 24.000000
xval_array[25] = 25.000000
xval_array[26] = 26.000000
xval_array[27] = 27.000000
xval_array[28] = 28.000000
xval_array[29] = 29.000000
xval_array[30] = 30.000000
xval_array[31] = 31.000000
xval_array[32] = 32.000000
xval_array[33] = 33.000000
xval_array[34] = 34.000000
xval_array[35] = 35.000000
xval_array[36] = 36.000000
xval_array[37] = 37.000000
xval_array[38] = 38.000000
xval_array[39] = 39.000000
myPE: 0, yval_array[0] = 0.000000
myPE: 0, yval_array[1] = 1.000000
myPE: 0, yval_array[2] = 4.000000
myPE: 0, yval_array[3] = 9.000000
myPE: 0, yval_array[4] = 16.000000
myPE: 0, yval_array[5] = 25.000000
myPE: 0, yval_array[6] = 36.000000
myPE: 0, yval_array[7] = 49.000000
myPE: 0, yval_array[8] = 64.000000
myPE: 0, yval_array[9] = 81.000000
myPE: 0, yval_array[10] = 0.000000
myPE: 0, yval_array[11] = 0.000000
myPE: 0, yval_array[12] = 0.000000
myPE: 0, yval_array[13] = 0.000000
myPE: 0, yval_array[14] = 0.000000
myPE: 0, yval_array[15] = 0.000000
myPE: 0, yval_array[16] = 0.000000
myPE: 0, yval_array[17] = 0.000000
myPE: 0, yval_array[18] = 0.000000
myPE: 0, yval_array[19] = 0.000000
myPE: 0, yval_array[20] = 0.000000
myPE: 0, yval_array[21] = 0.000000
myPE: 0, yval_array[22] = 0.000000
myPE: 0, yval_array[23] = 0.000000
myPE: 0, yval_array[24] = 0.000000
myPE: 0, yval_array[25] = 0.000000
myPE: 0, yval_array[26] = 0.000000
myPE: 0, yval_array[27] = 0.000000
myPE: 0, yval_array[28] = 0.000000
myPE: 0, yval_array[29] = 0.000000
myPE: 0, yval_array[30] = 0.000000
myPE: 0, yval_array[31] = 0.000000
myPE: 0, yval_array[32] = 0.000000
myPE: 0, yval_array[33] = 0.000000
myPE: 0, yval_array[34] = 0.000000
myPE: 0, yval_array[35] = 0.000000
myPE: 0, yval_array[36] = 0.000000
myPE: 0, yval_array[37] = 0.000000
myPE: 0, yval_array[38] = 0.000000
myPE: 0, yval_array[39] = 0.000000
== End of Job ==
